21
146.5 -4.6 36.625 -4.6 0
4.6 -146.5 4.6 -36.625 0
-100.409 -106.915 -20.0818 -21.3829 0
-146.5 -4.6 -36.625 -4.6 0
100.409 106.915 20.0818 21.3829 0
36.625 4.6 36.625 -4.60
36.625 -4.6 21.3829 -20.08180
21.3829 -20.0818 20.0818 -21.38290
20.0818 -21.3829 4.6 -36.6250
4.6 -36.625 -4.6 -36.6250
-4.6 -36.625 -20.0818 -21.38290
-20.0818 -21.3829 -21.3829 -20.08180
-21.3829 -20.0818 -36.625 -4.60
-36.625 -4.6 -36.625 4.60
-36.625 4.6 -21.3829 20.08180
-21.3829 20.0818 -20.0818 21.38290
-20.0818 21.3829 -4.6 36.6250
-4.6 36.625 4.6 36.6250
4.6 36.625 20.0818 21.38290
20.0818 21.3829 21.3829 20.08180
36.625 4.6 21.3829 20.08180
Roundabout
