22
146.5 4.6 43.95 4.6 0
146.5 -4.6 43.95 -4.6 0
4.6 -146.5 4.6 -43.95 0
-4.6 -146.5 -4.6 -43.95 0
-146.5 -4.6 -43.95 -4.6 0
-146.5 4.6 -43.95 4.6 0
43.95 4.6 43.95 -4.6 0
43.95 -4.6 26.7286 -25.1023 0
26.7286 -25.1023 25.1023 -26.7286 0
25.1023 -26.7286 4.6 -43.95 0
4.6 -43.95 -4.6 -43.95 0
-4.6 -43.95 -25.1023 -26.7286 0
-25.1023 -26.7286 -26.7286 -25.1023 0
-26.7286 -25.1023 -43.95 -4.6 0
-43.95 -4.6 -43.95 4.6 0
-43.95 4.6 -26.7286 25.1023 0
-26.7286 25.1023 -25.1023 26.7286 0
-25.1023 26.7286 -4.6 43.95 0
-4.6 43.95 4.6 43.95 0
4.6 43.95 25.1023 26.7286 0
25.1023 26.7286 26.7286 25.1023 0
43.95 4.6 26.7286 25.1023 0
Roundabout
