21
146.5 -4.6 36.625 -4.6 0
4.6 -146.5 4.6 -36.625 0
-100.409 -106.915 -20.0818 -21.3829 0
-146.5 -4.6 -36.625 -4.6 0
100.409 106.915 20.0818 21.3829 0
36.625 4.6 36.625 -4.6 0
36.625 -4.6 21.3829 -20.0818 0
21.3829 -20.0818 20.0818 -21.3829 0
20.0818 -21.3829 4.6 -36.625 0
4.6 -36.625 -4.6 -36.625 0
-4.6 -36.625 -20.0818 -21.3829 0
-20.0818 -21.3829 -21.3829 -20.0818 0
-21.3829 -20.0818 -36.625 -4.6 0
-36.625 -4.6 -36.625 4.6 0
-36.625 4.6 -21.3829 20.0818 0
-21.3829 20.0818 -20.0818 21.3829 0
-20.0818 21.3829 -4.6 36.625 0
-4.6 36.625 4.6 36.625 0
4.6 36.625 20.0818 21.3829 0
20.0818 21.3829 21.3829 20.0818 0
36.625 4.6 21.3829 20.0818 0
Roundabout
